FIPS,name,trump,sanders,clinton,walker,carson,cruz,bush,other1001,"Autauga County, Alabama",65.03320484,9.429640567,5.041699425,0.543934955,3.188693781,4.39922625,1.855795781,10.50780441003,"Baldwin County, Alabama",54.01044294,19.88464333,8.154311848,2.308120329,1.803059231,2.396055504,2.143098083,9.3002687391005,"Barbour County, Alabama",64.97505587,1.529536192,7.713668022,4.194782667,1.17992792,3.910290437,2.016148458,14.480590431007,"Bibb County, Alabama",70.91616742,0,6.017722047,0,0,0,23.06611053,01009,"Blount County, Alabama",87.80746087,2.68203312,3.55068408,0.176370668,0.364632559,0.149575858,0.965666012,4.3035768281011,"Bullock County, Alabama",94.12371058,5.876289424,0,0,0,0,0,01013,"Butler County, Alabama",81.08733552,1.52740832,1.175339143,13.43496945,0.611505893,0.335515374,0.335515374,1.4924109321015,"Calhoun County, Alabama",47.20574493,10.93003346,17.17751642,4.168222251,4.308857382,5.814616901,0.432550077,9.9624585821017,"Chambers County, Alabama",49.9422532,5.660500586,10.92118739,0.828351121,17.19743198,0.514087213,11.6670773,3.269111211019,"Cherokee County, Alabama",69.830118,15.04079652,2.389289769,1.903488585,2.436625033,0.774950157,1.139589755,6.4851421721021,"Chilton County, Alabama",46.11295156,16.71912004,3.211365193,3.097279381,7.568958464,0,6.709382261,16.58094311023,"Choctaw County, Alabama",72.00169041,13.31450443,14.68380516,0,0,0,0,01025,"Clarke County, Alabama",64.52035283,0,0,0,0,0,13.93526176,21.544385411027,"Clay County, Alabama",100,0,0,0,0,0,0,01029,"Cleburne County, Alabama",53.74627995,0,0,0,46.25372005,0,0,01031,"Coffee County, Alabama",81.36166969,1.144732531,3.77522501,2.863415931,0.607066112,0.981813434,4.706456534,4.5596207611033,"Colbert County, Alabama",17.18009344,47.1272912,34.15910057,0.047200802,0.30645184,0.044282363,0.466637514,0.6689422651035,"Conecuh County, Alabama",90.90145394,0,0,0,0,9.098546061,0,01037,"Coosa County, Alabama",19.41693719,0,47.19789484,0,0,0,8.076206632,25.308961331039,"Covington County, Alabama",64.59453984,11.38833178,12.9996588,3.954601546,3.518723842,0.978322242,0.20192624,2.3638957071041,"Crenshaw County, Alabama",36.56097562,2.467137053,33.99285807,0,5.508101322,0,0,21.470927941043,"Cullman County, Alabama",62.24145604,0.630890834,28.86050253,2.408617097,3.895228551,0.124324569,0.239010592,1.5999697871045,"Dale County, Alabama",42.01047805,13.3659761,9.187425302,2.248617302,5.504204953,4.103108436,0,23.580189861047,"Dallas County, Alabama",12.97032064,4.707139592,1.492540998,0,77.75979311,0,1.375726355,1.6944793031049,"De Kalb County, Alabama",64.09472793,5.203958841,6.02090955,1.833701406,1.691256653,2.359112905,2.387062738,16.409269971051,"Elmore County, Alabama",10.69703783,13.85690786,2.442531507,0.226413565,69.83926548,0.483729411,0.33692827,2.1171860811053,"Escambia County, Alabama",29.48396189,9.353290194,3.607803302,6.860659682,0.647296374,4.561301892,34.73102426,10.754662411055,"Etowah County, Alabama",72.78430846,1.789480308,3.029607695,7.28729166,0.406836629,0.05004382,11.84295758,2.8094738471057,"Fayette County, Alabama",52.52437017,12.13148673,12.35012911,2.095694977,0,2.081898521,2.033814061,16.782606431059,"Franklin County, Alabama",60.1107428,5.71549483,0,0,0,7.116328002,7.948658515,19.108775851061,"Geneva County, Alabama",53.68475707,2.679283458,9.332287937,6.14679496,8.802303798,2.44374542,0.488750262,16.42207711065,"Hale County, Alabama",47.71704759,0,13.15364364,6.819126076,11.02667103,0,0,21.283511671069,"Houston County, Alabama",50.03011815,6.358972644,7.399790169,1.903764312,16.3231421,3.171728289,3.265315351,11.547168991071,"Jackson County, Alabama",71.8405642,1.855523993,7.514419492,0.88541107,9.698110755,0.472155108,2.081574145,5.6522412311073,"Jefferson County, Alabama",47.22166849,18.07673229,12.62790979,2.909320139,2.357974523,2.25707739,2.855299121,11.694018251075,"Lamar County, Alabama",100,0,0,0,0,0,0,01077,"Lauderdale County, Alabama",73.47437318,11.5727173,3.611035761,0.681130752,0.618095345,0.989533037,0.72363772,8.32947691079,"Lawrence County, Alabama",100,0,0,0,0,0,0,01081,"Lee County, Alabama",56.47846862,12.41499705,6.312605251,1.411646197,3.228356004,3.121459341,2.511003689,14.521463841083,"Limestone County, Alabama",45.24457225,20.63419557,3.132281406,0.511749658,2.63684486,4.873140635,4.714253578,18.252962041085,"Lowndes County, Alabama",75.30399116,9.373545368,5.106219178,3.381749013,0,0,0,6.8344952761087,"Macon County, Alabama",76.37977072,0,6.590611091,0,5.207358786,0,6.344846773,5.4774126291089,"Madison County, Alabama",42.34110594,11.62513048,6.036880444,4.49885065,8.106376308,3.438033735,2.735901044,21.21772141091,"Marengo County, Alabama",54.03599141,2.924696052,20.08948726,0,7.546957891,0,7.385076695,8.0177906861093,"Marion County, Alabama",87.62787942,2.036394224,2.000851846,0.592305142,0.605302611,0.1877501,0.520200141,6.4293165131095,"Marshall County, Alabama",24.13934684,3.431100645,6.202825912,0.509062767,1.672584369,1.352840215,2.666170846,60.026068411097,"Mobile County, Alabama",43.37890203,13.11411081,7.919368928,8.631580907,4.418311398,6.664656524,3.805568182,12.067501221099,"Monroe County, Alabama",71.30575096,3.626665732,6.914907593,3.942069332,1.886956235,1.972011586,0,10.351638561101,"Montgomery County, Alabama",47.02004297,6.348948821,8.649748884,4.540762668,10.07924417,9.97422635,2.464481622,10.922544521103,"Morgan County, Alabama",45.97170147,17.39933968,7.701944465,3.395539217,0.731908564,1.499815532,7.10679942,16.192951661105,"Perry County, Alabama",0,0,48.60896321,0,0,0,51.39103679,01107,"Pickens County, Alabama",59.29403245,12.09504906,17.47007677,0,11.14084173,0,0,01109,"Pike County, Alabama",30.31453731,17.18873824,6.312665508,1.372857615,34.00359493,4.154305956,1.925811526,4.7274889071111,"Randolph County, Alabama",68.44811909,1.139116271,0.829738973,0.59897382,0,0.914004278,26.6543189,1.4157286711113,"Russell County, Alabama",64.06775234,6.216725448,4.482785494,2.781438325,2.253318293,3.25355194,1.810708833,15.133719331115,"St Clair County, Alabama",60.64634588,2.310550936,2.267251028,1.398871894,22.24481462,0.307538822,3.299632937,7.5249938841117,"Shelby County, Alabama",56.73089948,11.66619912,9.55884304,2.785841867,2.009415976,0.930437932,3.250388198,13.067974391119,"Sumter County, Alabama",89.06366398,3.629624615,1.970280401,0.632771869,0.821306246,0,0.191495306,3.6908575861121,"Talladega County, Alabama",40.71211055,2.161523996,4.088585562,38.87335524,1.146751994,0.174606195,1.548678913,11.294387551123,"Tallapoosa County, Alabama",76.52980218,2.900469185,9.134785246,1.141985073,1.675257513,0.723580558,1.761617774,6.1325024691125,"Tuscaloosa County, Alabama",58.03807291,3.639709404,5.981357194,2.754215643,0.573271026,0.905928671,14.69734565,13.41009951127,"Walker County, Alabama",54.58173473,1.573238866,8.218850555,0.426354581,27.5560689,0.364896954,0.210954864,7.067900551129,"Washington County, Alabama",59.22311529,0.900484912,4.616548897,7.765086566,0,4.374667767,3.490963015,19.629133551131,"Wilcox County, Alabama",48.45923356,0,51.54076644,0,0,0,0,01133,"Winston County, Alabama",72.52105315,2.672604747,1.405816498,0.400724762,1.049750477,0.665726531,1.074728862,20.209594972016,"Aleutians West County, Alaska",10.20859428,0,4.566979479,0,62.52742654,4.566979479,0,18.130020232020,"Anchorage County, Alaska",50.69981043,13.42042858,11.01364023,4.527871847,1.897621329,3.203984554,3.002567425,12.23407562050,"Bethel County, Alaska",18.04560085,23.86170447,27.2477379,0,7.893003566,0,0,22.951953222060,"Bristol Bay County, Alaska",80.73485885,3.283065575,9.268967309,0,0,0,0,6.713108272068,"Denali County, Alaska",0,7.702856439,55.75214749,0,36.54499607,0,0,02070,"Dillingham County, Alaska",88.72862457,11.27137543,0,0,0,0,0,02090,"Fairbanks North Star County, Alaska",48.00031604,18.97799066,7.486446516,4.438416898,1.017968867,2.073197557,1.511515691,16.494147762100,"Haines County, Alaska",25.0917901,35.33876289,0.953267078,11.38394611,0,2.533501142,10.11976824,14.578964442110,"Juneau County, Alaska",35.71624069,23.12742707,6.458431209,6.831734054,2.603180269,5.5488873,1.368391739,18.345707672122,"Kenai Peninsula County, Alaska",44.26685282,8.056351335,8.608333918,3.437722077,1.279596164,1.229239835,0.602024021,32.519879832130,"Ketchikan Gateway County, Alaska",63.13662402,11.64699777,7.502343491,1.833867018,1.091456895,5.305664703,1.119926939,8.3631191662150,"Kodiak Island County, Alaska",35.02543505,10.94912666,8.748524978,0.936712038,0.671071181,12.55688312,4.098963491,27.013283482170,"Matanuska Susitna County, Alaska",45.18991009,2.129007422,1.693374366,0.803501843,13.83599636,0.367779864,0.244183902,35.736246162180,"Nome County, Alaska",68.90615782,0,9.34241166,0,0,8.213195404,0,13.538235122185,"North Slope County, Alaska",38.2338092,42.12149295,0,0,19.64469785,0,0,02188,"Northwest Arctic County, Alaska",40.96188095,0,24.67894211,34.35917694,0,0,0,02201,"Prince Wales Ketchikan County, Alaska",18.68327289,55.27259151,11.91634125,5.343117427,0,2.942267533,0,5.8424093922220,"Sitka County, Alaska",46.45619534,17.48852757,7.746949932,5.384395538,4.545744231,0.431815976,2.52408632,15.422285092232,"Skagway Hoonah Angoon County, Alaska",31.68723676,6.43505721,11.24727812,6.20267371,0,33.35887544,0,11.068878762240,"Southeast Fairbanks County, Alaska",100,0,0,0,0,0,0,02261,"Valdez Cordova County, Alaska",62.95332804,1.489237787,28.85344335,0.167286665,0,0,0.762246843,5.7744573192280,"Wrangell Petersburg County, Alaska",59.28215061,8.296259923,17.12347792,4.886338729,0,1.607733243,4.84346132,3.9605782554001,"Apache County, Arizona",54.98228666,1.963788719,34.36650702,0.303523611,0.280239313,0.184109467,3.526812318,4.3927328864003,"Cochise County, Arizona",55.12578619,10.65887583,13.6429326,3.388859929,0.813312551,2.758416135,1.466631439,12.145185324005,"Coconino County, Arizona",42.38256565,10.00326671,33.12629657,1.97908371,1.074253039,2.178693273,4.997143731,4.2586973154007,"Gila County, Arizona",49.30526823,12.62261429,15.15157367,10.01174335,0.606414873,1.023359169,1.566670039,9.7123563784009,"Graham County, Arizona",46.5033924,20.76418561,4.531440994,2.250419037,13.38173621,0.616821472,6.809530262,5.142474014011,"Greenlee County, Arizona",86.96707329,8.345037371,0,0,0,4.687889342,0,04012,"La Paz County, Arizona",56.21628772,13.69419797,1.23305492,10.24262951,2.542269475,6.388996412,4.560338908,5.122225094013,"Maricopa County, Arizona",56.7427182,16.28591664,7.705947179,3.805210254,1.273364199,2.628836289,1.865137075,9.6928701664015,"Mohave County, Arizona",61.31304428,7.046852561,10.09673852,1.801575054,0.948829629,2.441980668,4.710643645,11.640335654017,"Navajo County, Arizona",65.30869684,10.59289893,3.910103932,2.376391599,1.033087448,0.777407531,3.025262749,12.976150984019,"Pima County, Arizona",47.6960067,21.53119324,9.720746855,3.736014593,1.773236025,1.954721359,3.259684948,10.328396284021,"Pinal County, Arizona",56.74960729,7.280554652,8.785256866,2.509015438,3.006716343,3.563670383,5.764976747,12.340202284023,"Santa Cruz County, Arizona",53.24975126,0.20769165,28.2430776,17.85508031,0,0.091173529,0.173395854,0.1798297984025,"Yavapai County, Arizona",50.63627612,14.85757997,10.12822128,3.829354957,1.286127516,4.251235916,2.74961624,12.261587994027,"Yuma County, Arizona",72.27715076,6.519686697,5.161033698,1.32474191,0.556494594,1.68560306,2.463270093,10.012019195001,"Arkansas County, Arkansas",29.10968702,20.46313447,6.37744683,1.531926604,6.062468858,0,0,36.455336225003,"Ashley County, Arkansas",98.21991199,0.932862622,0.847225391,0,0,0,0,05005,"Baxter County, Arkansas",23.60093614,5.716238852,9.450252111,1.053393948,0.729226796,1.185881274,1.27509052,56.988980355007,"Benton County, Arkansas",60.89494333,9.60824058,8.562666159,2.276515363,1.629429452,1.721188976,2.087423064,13.219593075009,"Boone County, Arkansas",100,0,0,0,0,0,0,05011,"Bradley County, Arkansas",45.83221619,0,0,0,0,0,54.16778381,05013,"Calhoun County, Arkansas",49.36176945,6.015503138,11.53137594,4.546488733,0,0,0,28.544862755015,"Carroll County, Arkansas",80.14191903,2.321717907,9.588532418,0.994398832,0,0.250722832,2.006095561,4.6966134165017,"Chicot County, Arkansas",47.70732203,18.89253851,18.69945567,14.70068378,0,0,0,05019,"Clark County, Arkansas",76.31876337,1.39361325,1.504199925,0,0,4.880625065,3.255249808,12.647548585021,"Clay County, Arkansas",61.58235002,0,0,13.97276041,0,0,19.26009786,5.1847917125023,"Cleburne County, Arkansas",49.64578772,8.890081974,16.76157759,0.263844857,0.706505673,0.824424449,5.787711527,17.120066215025,"Cleveland County, Arkansas",55.12049804,8.455408492,0,0,19.3069578,0,8.558567831,8.5585678315027,"Columbia County, Arkansas",87.30547687,2.455496956,2.193953197,0.783122696,0.330164294,2.358797196,0.365623866,4.2073649235029,"Conway County, Arkansas",93.05802262,4.422417065,1.178336605,0,1.341223713,0,0,05031,"Craighead County, Arkansas",42.45961475,3.425842533,46.55605384,0.567380218,1.012073086,1.242663539,0.912756136,3.8236158955033,"Crawford County, Arkansas",50.44026274,15.42622041,11.66143474,2.52515466,1.368414355,7.670288256,2.105528459,8.8026963815035,"Crittenden County, Arkansas",30.42442761,5.582635933,11.20910562,0.956436308,0.921171566,1.255613031,42.06405878,7.5865511455037,"Cross County, Arkansas",100,0,0,0,0,0,0,05039,"Dallas County, Arkansas",100,0,0,0,0,0,0,05041,"Desha County, Arkansas",82.28973941,0,0,0,0,0,0,17.710260595045,"Faulkner County, Arkansas",39.85160107,12.26917622,25.50508451,0.884401606,0.358595868,4.336717474,1.356990923,15.437432335047,"Franklin County, Arkansas",33.23049208,26.37460381,11.26668051,5.91265008,4.805506147,2.470380169,5.204136121,10.735551085049,"Fulton County, Arkansas",62.28931469,0,23.97622726,2.33869264,3.03420064,0,2.370296703,5.9912680655051,"Garland County, Arkansas",39.25532179,4.696744755,36.27951195,2.206014221,2.176431103,0.983491989,1.771287351,12.631196845053,"Grant County, Arkansas",56.92147872,12.49651057,5.274446239,0.218491216,5.091874769,0.974793834,2.289288988,16.733115665055,"Greene County, Arkansas",40.29254719,3.721305781,41.41088922,0.277456443,0.657906214,0.602684944,9.92537182,3.1118383845057,"Hempstead County, Arkansas",60.69817486,0.530304195,6.368401328,3.359822436,0,0,0,29.043297185059,"Hot Spring County, Arkansas",36.10137151,6.156772653,3.94923079,0.829399838,2.356901422,1.047567181,1.6107598,47.947996815061,"Howard County, Arkansas",9.199230435,9.839612067,5.401045778,2.421790016,13.50464093,2.806954868,5.516854345,51.309871575063,"Independence County, Arkansas",79.61222485,0,0,20.38777515,0,0,0,05065,"Izard County, Arkansas",79.34082778,0,20.65917222,0,0,0,0,05067,"Jackson County, Arkansas",17.45275191,1.690553411,6.443581411,0,3.522924601,1.630308289,0,69.259880385069,"Jefferson County, Arkansas",25.08810007,10.16616004,7.090013427,1.490005107,2.091423827,0.617200198,2.396624445,51.060472885071,"Johnson County, Arkansas",46.36764979,12.05198729,8.192237689,5.287007571,10.11449754,17.98662012,0,05073,"Lafayette County, Arkansas",0,1.589243064,0,0,0,0,0,98.410756945075,"Lawrence County, Arkansas",91.29089859,0,0,0,0,0,0,8.7091014125077,"Lee County, Arkansas",25,25,25,0,0,0,0,255079,"Lincoln County, Arkansas",0,0,0,100,0,0,0,05081,"Little River County, Arkansas",42.86548883,21.5031954,6.915072268,0,0,0,6.915072268,21.801171235083,"Logan County, Arkansas",10.05638039,0,0,0,0,0,12.72740559,77.216214035085,"Lonoke County, Arkansas",84.99191579,2.649624906,5.053105776,1.744759346,0.295969919,1.295147532,0.125162184,3.844314555087,"Madison County, Arkansas",66.02141614,10.26507711,6.297755939,0,0,4.318797497,6.018938271,7.0780150435089,"Marion County, Arkansas",61.95605609,1.175579358,12.64191076,0,0,1.047267883,0,23.179185915091,"Miller County, Arkansas",77.58088662,4.835051323,3.459716421,0.683827174,1.261492984,1.166918511,5.4152369,5.5968700655093,"Mississippi County, Arkansas",42.93294547,1.505996027,1.992306462,0.28219669,1.426370891,0.270122781,3.229857766,48.360203915095,"Monroe County, Arkansas",0,0,100,0,0,0,0,05097,"NA County, NA",46.52718999,0,0,7.799911544,0,0,0,45.672898475099,"Nevada County, Arkansas",0,0,0,0,0,0,0,1005101,"Newton County, Arkansas",0,0,0,0,0,0,0,1005103,"Ouachita County, Arkansas",71.12567358,0,10.54246631,4.245979817,0,3.532075375,3.51412363,7.0396812815105,"Perry County, Arkansas",71.97623964,0,14.50352637,0,2.911351498,0,10.60888249,05107,"Phillips County, Arkansas",71.74437082,15.16518088,4.809078263,4.199617613,0,0,0,4.0817524245111,"Poinsett County, Arkansas",67.13902182,0,2.35264984,0,0,0,28.32632033,2.1820080065113,"Polk County, Arkansas",57.97999535,7.756069948,13.83839201,0,3.569891797,4.380304953,3.882933942,8.5924119935115,"Pope County, Arkansas",89.46581888,1.64685189,1.142267393,0.213764562,0.199193243,0.216298147,0.299129656,6.8166762245117,"Prairie County, Arkansas",100,0,0,0,0,0,0,05119,"Pulaski County, Arkansas",50.91453853,10.98378436,13.09711847,1.724352571,3.963639311,1.941295161,3.47900151,13.896270095121,"Randolph County, Arkansas",85.64595454,7.487419242,0,6.866626222,0,0,0,05123,"St Francis County, Arkansas",17.4635969,3.058941797,7.862486406,1.289526204,0,0,1.334662345,68.990786355125,"Saline County, Arkansas",54.46197435,7.688306043,24.61471496,3.199122738,1.368538952,2.159525,3.933940142,2.5738778185127,"Scott County, Arkansas",16.88403601,27.78325912,37.99605965,0,0,7.151150016,9.428137004,0.75735825129,"Searcy County, Arkansas",29.03202741,6.86730611,0,0,7.953262748,54.40403234,0,1.7433713935131,"Sebastian County, Arkansas",40.96883848,12.43309494,18.87348134,5.784186035,1.754041886,1.751290881,1.988488612,16.446577835133,"Sevier County, Arkansas",86.17324503,1.895307711,2.323665728,0.667236058,0.695026809,0,2.917222393,5.328296275135,"Sharp County, Arkansas",50.05403637,4.152523102,20.4296838,0.47986542,0.656109211,1.100434618,1.321845448,21.805502035137,"Stone County, Arkansas",42.50118663,4.934340068,23.60083523,5.416530493,0,0,4.407122946,19.139984645139,"Union County, Arkansas",72.47126274,5.333379196,4.537385743,0.796016409,0,2.048297792,2.161765723,12.651892395141,"Van Buren County, Arkansas",53.93499485,9.613553408,8.682113641,3.094995713,0,0,0,24.674342385143,"Washington County, Arkansas",67.15485904,8.50567857,13.959312,1.24930907,0.398593554,2.054438153,1.279499732,5.3983098815145,"White County, Arkansas",32.59105261,1.353729059,25.86186547,0.106894135,21.6288192,4.853066373,8.357322101,5.2472510555147,"Woodruff County, Arkansas",0,0,33.33333333,0,0,0,0,66.666666675149,"Yell County, Arkansas",47.44083094,0,15.49024939,0,29.63461289,0,0,7.4343067766001,"Alameda County, California",54.79248802,12.98827539,7.851549992,4.240558844,1.295241391,2.540882395,3.507682983,12.783320986003,"Alpine County, California",0,11.06848255,0,2.956922782,0,0,0,85.974594676005,"Amador County, California",52.5795629,12.27207687,12.79687899,7.798335336,1.353141037,0.689390184,4.552852172,7.9577625056007,"Butte County, California",74.40699754,4.260793792,11.80156646,4.584718765,0.567968965,0.60305062,0.555759556,3.2191443116009,"Calaveras County, California",60.44288555,9.865842206,17.4610997,0.766542396,0.717579207,0.974742448,5.123158811,4.6481496846011,"Colusa County, California",69.50631464,6.003100728,13.06316729,0.990594267,3.38872123,0.498696733,1.206610713,5.3427943986013,"Contra Costa County, California",47.08392542,12.12082941,24.28538794,3.18536852,1.082880783,1.391233079,2.584051691,8.2663231516015,"Del Norte County, California",41.61695323,5.463155571,7.03725413,1.125309383,1.090067867,0.270782671,0.567090747,42.82938646017,"El Dorado County, California",51.10408171,12.48900871,11.49135418,8.089671362,0.887104176,1.047016994,1.523504711,13.368258166019,"Fresno County, California",66.55559235,10.09697346,2.988368457,1.052439021,1.480896826,0.72962839,7.361929059,9.7341724316021,"Glenn County, California",30.17741758,13.08850282,14.91552151,11.37706467,6.089115381,3.476197814,1.28767794,19.588502286023,"Humboldt County, California",41.82138603,24.75613801,10.82972886,3.575344215,1.533703995,1.3912989,7.854545085,8.2378549066025,"Imperial County, California",55.7120468,10.31014027,9.749710043,0.771749108,0.401324625,1.286662124,1.3349485,20.433418536027,"Inyo County, California",44.39260964,4.504987876,1.24724032,1.98469204,0,0.32664689,0.069827577,47.473995666029,"Kern County, California",64.49758834,6.905185375,5.737064576,1.207930141,0.724907635,2.898198446,13.12694815,4.902177346031,"Kings County, California",40.92646301,1.160596727,4.126036483,1.784995338,4.578266775,32.54122332,1.200201101,13.682217256033,"Lake County, California",57.45855148,14.29019607,15.5161696,1.983883934,0.119675322,0.179781748,1.969493357,8.4822484976035,"Lassen County, California",76.63994911,7.419677304,7.021886245,0.489987667,0.625701961,2.134857146,1.101860674,4.5660798896037,"Los Angeles County, California",63.53400752,10.00840422,9.191766031,1.696067198,0.835908915,2.123829572,3.839009138,8.771007416039,"Madera County, California",60.09868771,7.366610095,9.241996709,1.483706438,0.870889837,1.559554207,3.478127835,15.900427176041,"Marin County, California",54.29166632,16.25852639,10.89862025,4.295521568,0.553158082,1.788366476,2.484801897,9.4293390166043,"Mariposa County, California",40.42905714,8.947687785,4.854492629,5.17468878,1.157759218,1.09280407,1.342486362,37.001024016045,"Mendocino County, California",38.62004499,31.18475078,12.20173383,4.055704419,2.969102825,0.947803413,1.501308446,8.5195513046047,"Merced County, California",71.78337392,3.181159269,5.941487119,4.257605355,2.117781553,0.630992152,2.810093568,9.2775070666049,"Modoc County, California",72.900085,11.84624881,5.03028071,0.801323637,3.651890842,1.146290341,1.521131256,3.1027494066051,"Mono County, California",63.75503012,8.499789441,6.46092517,9.451510665,0.771282008,0,3.949862037,7.1116005636053,"Monterey County, California",71.68658181,7.462901415,10.11967043,0.834054351,0.632822304,1.579740448,3.106956361,4.5772728766055,"Napa County, California",55.82226895,10.35029521,10.59498695,4.073370992,1.783721833,3.874276666,2.066960542,11.434118866057,"Nevada County, California",46.2621992,23.14691697,9.5176547,3.757632737,0.748158857,3.958242952,3.960062361,8.649132226059,"Orange County, California",58.81442625,9.64540639,10.85658901,2.779413914,1.849832822,2.689984475,2.83982548,10.524521656061,"Placer County, California",47.18494468,15.70731344,10.76228382,2.705043105,2.295164754,1.852245392,3.350442146,16.142562686063,"Plumas County, California",50.21617817,4.384594052,0.962816557,2.241673853,1.27279142,0.144131098,0,40.777814856065,"Riverside County, California",59.68515359,9.721357365,9.110597987,1.832948212,1.186603781,6.494088042,2.612457366,9.3567936546067,"Sacramento County, California",53.81209729,13.50866449,11.26128144,2.102851225,1.6345192,1.828557349,4.636988683,11.215040326069,"San Benito County, California",58.00828049,8.908603928,7.336131019,5.232517684,0.527151161,15.99255118,1.127567386,2.8671971456071,"San Bernardino County, California",60.97853568,8.484986891,9.915690603,2.775457909,1.099836901,1.926455485,2.623869819,12.195166726073,"San Diego County, California",68.11405144,8.799238798,7.261534607,1.839079768,1.589909492,1.214430088,1.864469837,9.3172859666075,"San Francisco County, California",55.15832247,13.72194201,9.749058526,2.744262814,1.414664302,2.2591184,3.907989811,11.044641676077,"San Joaquin County, California",52.8417724,5.989152415,11.49217576,1.89921328,1.87443961,1.249839923,3.301863423,21.351543196079,"San Luis Obispo County, California",54.55510171,16.63220774,8.988869375,5.804403492,1.33291168,1.650541058,2.143577379,8.8923875676081,"San Mateo County, California",49.54697972,13.15090746,12.17031968,2.498981092,1.21422371,2.945377378,6.347086946,12.126124016083,"Santa Barbara County, California",60.05072588,10.36353873,6.934944266,5.550716955,2.123393624,1.318128359,5.157091064,8.501461126085,"Santa Clara County, California",52.2065417,15.17853528,11.10770899,2.484826369,1.063540536,2.259426872,4.403195455,11.296224796087,"Santa Cruz County, California",43.18373495,4.822469683,0.961951828,0.241694689,2.017953026,0.183518341,5.397917505,43.190759986089,"Shasta County, California",60.02765825,14.69601659,7.85200224,2.065605817,2.598996325,2.939560359,0.947947963,8.8722124546093,"Siskiyou County, California",62.43652018,7.767935328,11.7810924,1.980390008,0.249808996,0,0.046355243,15.737897846095,"Solano County, California",72.01752667,8.298385037,5.895364525,2.002350743,0.894621167,2.210375251,2.296784836,6.3845917756097,"Sonoma County, California",53.29411942,11.96147606,13.4212604,1.936725707,0.680461094,0.750583156,1.071243438,16.884130726099,"Stanislaus County, California",92.83275078,1.17529529,1.311613506,0.284395987,0.673185709,0.33693638,0.615365365,2.770456986101,"Sutter County, California",41.60893,2.887003172,0.429250866,0.009744654,2.16354516,0.157950677,5.666127384,47.077448096103,"Tehama County, California",42.72668407,34.24979158,4.486955798,3.559349582,0.777666818,0.435091181,1.030845157,12.733615826105,"Trinity County, California",48.0029653,34.80281871,2.774446221,0.149482162,4.958173474,1.234040346,1.564009596,6.5140641996107,"Tulare County, California",88.16534039,1.762804351,4.217502035,0.586788048,0.343283452,0.400857418,1.874744768,2.648679546109,"Tuolumne County, California",60.03593529,4.435064703,6.247730708,4.849130876,5.097844738,0.288755635,2.649070602,16.396467456111,"Ventura County, California",59.62886374,11.84161242,8.356279876,1.354130953,0.717715221,5.254032836,2.176951328,10.670413636113,"Yolo County, California",62.28896044,15.3532114,8.512885126,1.514050629,0.546010806,4.535621788,1.802625532,5.446634286115,"Yuba County, California",41.79498952,1.57084603,15.35837138,0.262819198,4.514229013,5.980690601,3.165873347,27.352180918001,"Adams County, Colorado",58.21838774,13.49415346,8.387205662,3.139441618,3.364926421,1.15413481,2.481826639,9.759923658003,"Alamosa County, Colorado",48.16364658,12.08980248,2.462863692,1.730478383,3.681522236,0.266918071,5.769289099,25.835479458005,"Arapahoe County, Colorado",64.04397488,7.7598701,4.5095602,5.33835345,2.291304065,6.658296943,1.99022038,7.4084199798007,"Archuleta County, Colorado",57.95460705,10.6664095,14.19860379,3.596591186,2.758619642,1.817723754,3.450732557,5.5567125168009,"Baca County, Colorado",100,0,0,0,0,0,0,08011,"Bent County, Colorado",10.60235555,60.07143255,9.607762716,0,10.56306236,0,0,9.1553868228013,"Boulder County, Colorado",53.09163052,16.73807572,11.54760025,1.810839346,2.967150551,2.290435859,3.302015299,8.2522524578014,"Broomfield County, Colorado",48.24828215,12.46904598,12.51771435,5.360695546,1.577552161,2.267767578,3.291458247,14.267483998015,"Chaffee County, Colorado",54.32137166,13.31021821,14.37555177,3.623047826,0,3.37335036,3.976279968,7.0201802078017,"Cheyenne County, Colorado",79.83544776,0,0,0,0,0,10.7449617,9.419590548019,"Clear Creek County, Colorado",37.4516864,40.76864027,7.920154453,2.26719728,0.705634846,1.747940487,0.694444907,8.4443013568021,"Conejos County, Colorado",8.790835438,41.88732877,0.826887276,41.73264882,0,0,1.673256237,5.0890434628023,"Costilla County, Colorado",100,0,0,0,0,0,0,08025,"Crowley County, Colorado",81.25163241,18.74836759,0,0,0,0,0,08027,"Custer County, Colorado",54.47056153,18.50288713,1.24768631,5.029641431,2.736402779,4.268601368,2.176472539,11.567746918029,"Delta County, Colorado",46.98551675,18.87962918,7.543991128,3.788319977,1.854911807,4.726231259,0.850732642,15.370667258031,"Denver County, Colorado",52.53313898,15.8006928,9.470827589,3.083124246,1.90718438,2.581613021,3.583565666,11.039853318035,"Douglas County, Colorado",53.68703334,16.02573637,14.06515906,7.01522369,1.086494319,1.311259966,1.558069688,5.2510235668037,"Eagle County, Colorado",51.21515228,14.12634792,9.329932537,4.630186608,1.254890151,3.425348598,2.59292926,13.425212658039,"Elbert County, Colorado",65.07263217,4.950111008,2.727775302,2.659485313,4.99129336,0.770750617,3.131607955,15.696344288041,"El Paso County, Colorado",32.20837312,20.22457421,9.283270989,13.42370924,1.734171638,3.782806799,2.125423264,17.217670758043,"Fremont County, Colorado",37.28357334,23.78037952,5.468890165,2.847618243,4.02250953,5.208795167,1.893497751,19.494736288045,"Garfield County, Colorado",71.67190129,7.953042905,6.939418811,1.165120173,2.604139509,2.38228616,1.65258803,5.6315031188047,"Gilpin County, Colorado",50.76259513,18.9758589,15.44956897,4.620998658,0,0,4.861475496,5.3295028568049,"Grand County, Colorado",34.88347133,18.31470486,4.314182237,3.938194911,1.305009483,0,1.501188742,35.743248438051,"Gunnison County, Colorado",28.8671722,32.17634007,15.91680573,3.271410187,2.163398098,2.174098665,3.846678178,11.584096868053,"Hinsdale County, Colorado",0,0,0,0,0,0,100,08055,"Huerfano County, Colorado",63.76757947,0,17.29568531,1.494842337,0,0,2.772252868,14.669640018059,"Jefferson County, Colorado",38.67608117,16.7488737,9.4656147,5.036977615,1.786263984,3.279034211,3.621490372,21.385664268061,"Kiowa County, Colorado",100,0,0,0,0,0,0,08063,"Kit Carson County, Colorado",48.82442068,17.90349351,14.23275228,9.881130419,0,0,1.083985449,8.0742176588065,"Lake County, Colorado",41.12744762,32.00848417,12.11838021,0.940941725,2.416848759,1.122568128,5.968044217,4.2972851688067,"La Plata County, Colorado",57.41097721,20.05624698,4.98540805,2.496617685,0.491838916,5.069715587,0.916227633,8.5729679378069,"Larimer County, Colorado",37.55194386,14.86454047,10.15968427,2.061636525,23.8884171,1.382710563,1.078831316,9.0122358968071,"Las Animas County, Colorado",58.19675022,4.255809547,5.260792328,26.19581129,0,1.911602466,0,4.1792341458073,"Lincoln County, Colorado",27.05949755,0,0,0,0,0,72.94050245,08075,"Logan County, Colorado",62.62571576,10.05959444,9.86067346,2.362445005,0,4.161989376,1.989609523,8.9399724448077,"Mesa County, Colorado",42.51175318,10.30619978,16.39605183,6.447494957,2.016570254,6.403429837,3.492139195,12.426360978079,"Mineral County, Colorado",75.98749127,0,24.01250873,0,0,0,0,08081,"Moffat County, Colorado",53.77843867,7.366544034,12.68320726,3.785535249,3.366406547,6.818792746,8.195138307,4.005937188083,"Montezuma County, Colorado",41.74176986,12.47171446,4.794423579,4.084444428,0,15.62207616,4.480498053,16.805073478085,"Montrose County, Colorado",25.72847642,15.98155287,33.09984874,12.85066812,1.597129427,3.267027743,1.820738287,5.6545584038087,"Morgan County, Colorado",64.49594968,8.903172971,6.980166993,1.485350053,5.420415391,3.671070322,1.977341432,7.0665331588089,"Otero County, Colorado",60.74651563,14.22079828,6.635671342,1.05751623,2.742781982,2.368087841,3.912417483,8.3162112128091,"Ouray County, Colorado",63.46585035,0,30.79084776,0,0,0,0,5.7433018948093,"Park County, Colorado",81.60061076,4.479810667,1.834267093,0.32545015,0,10.26375212,0,1.4961092128095,"Phillips County, Colorado",61.02545054,20.68045266,0,0,0,10.38426868,0,7.9098281158097,"Pitkin County, Colorado",46.2474561,20.75837582,13.21947284,4.021418003,0.139193791,0.963979042,2.163267578,12.486836838099,"Prowers County, Colorado",89.71502912,2.485903799,0,2.192424209,4.995286241,0,0,0.6113566318101,"Pueblo County, Colorado",48.92548029,13.6405097,5.37478359,3.70378751,1.856499306,3.046270559,5.773211687,17.679457368103,"Rio Blanco County, Colorado",83.8634868,5.378837732,5.378837732,5.378837732,0,0,0,08105,"Rio Grande County, Colorado",5.729322685,7.095436832,23.29252719,0,23.03494874,0,0,40.847764568107,"Routt County, Colorado",82.51415539,0,7.141706312,0,0,0,0,10.34413838109,"Saguache County, Colorado",44.42477848,0,0,11.15044303,0,44.42477848,0,08113,"San Miguel County, Colorado",35.83193204,16.5607475,16.47729964,0,4.181460997,0,10.02757619,16.920983648117,"Summit County, Colorado",49.16863692,9.256127438,13.8498682,8.260460856,0.086077681,5.278029999,6.879495453,7.2213034498119,"Teller County, Colorado",26.71340516,18.99504773,23.23086938,11.46656868,4.645334422,7.705703221,1.352286169,5.890785248121,"Washington County, Colorado",100,0,0,0,0,0,0,08123,"Weld County, Colorado",56.55891268,20.38501868,7.129481371,3.244114752,2.573431802,1.20767124,1.539186784,7.3621826948125,"Yuma County, Colorado",79.2838181,0,14.85045083,0,0,0,2.581100498,3.2846305739001,"Fairfield County, Connecticut",51.04213276,13.34262593,10.50470394,2.693997603,1.161603974,2.970105523,3.326505664,14.95832469003,"Hartford County, Connecticut",51.48638329,16.10359179,10.65687464,2.346279607,3.294864178,1.941944941,3.869918658,10.30014299005,"Litchfield County, Connecticut",49.67670342,16.27785603,12.2625311,2.629567471,0.957131312,1.064066028,3.990243626,13.1419019007,"Middlesex County, Connecticut",47.95778927,17.79633758,13.14121529,4.175128412,0.429955505,2.451662759,4.076033631,9.9718775519009,"New Haven County, Connecticut",53.09970753,14.73551169,10.31999135,2.584062726,0.897784231,2.23097751,3.48506573,12.646899239011,"New London County, Connecticut",53.54267021,15.2315203,8.576330929,2.104308168,2.393217303,1.918020654,3.336822784,12.897109659013,"Tolland County, Connecticut",54.21871283,15.16505901,6.811558117,2.537302066,0.677834412,3.493935163,3.215948674,13.879649739015,"Windham County, Connecticut",55.12912292,21.99838439,5.460899186,3.144526266,0.828574502,8.76434887,1.320600473,3.35354339310001,"Kent County, Delaware",41.70689277,6.241898019,16.44938764,1.114320796,1.499682532,1.651665411,25.23411863,6.102034210003,"New Castle County, Delaware",47.55281206,15.06222721,11.34403477,3.216692709,1.318967321,2.68661911,2.541793987,16.2768528410005,"Sussex County, Delaware",49.97282803,13.98163157,13.46379979,1.787552292,1.503033381,1.112522342,2.578818245,15.5998143511001,"District of Columbia County, District of Columbia",42.52657342,11.66338974,12.58731805,4.258182275,1.76287957,3.415978596,4.713840119,19.0718382312001,"Alachua County, Florida",50.6504985,6.221164557,2.877702148,8.169648821,16.54298212,0.688051547,1.556979131,13.2929731812003,"Baker County, Florida",82.62335421,4.33532436,1.679688699,0,2.096079821,0.937362772,1.53629285,6.79189729112005,"Bay County, Florida",63.42090905,6.983727273,8.909346635,2.263370178,3.443181089,0.621588755,3.007768303,11.3501087212007,"Bradford County, Florida",55.09482809,19.17516252,0,12.65209285,0,0,0,13.0779165412009,"Brevard County, Florida",57.4899674,9.087131528,9.510013551,2.973986546,0.713469589,2.569107515,5.697638265,11.9586856112011,"Broward County, Florida",64.85414826,9.010480982,6.698226804,1.800079281,1.408861988,2.583909969,3.9322304,9.71206231912013,"Calhoun County, Florida",85.7123373,0.635663127,6.77751602,0,1.443720226,2.002463579,0.692507703,2.73579204912015,"Charlotte County, Florida",75.60126161,3.187036952,5.419516214,1.214189353,0.96102195,3.888961235,1.527044405,8.20096828512017,"Citrus County, Florida",70.02325154,9.220670048,4.048621177,1.82697004,1.496194403,2.933192437,2.108773704,8.34232665612019,"Clay County, Florida",34.80704833,14.67296017,26.12723547,5.054968802,3.282388516,3.158165394,2.51868132,10.3785519912021,"Collier County, Florida",42.1583908,6.179472369,7.900152754,2.200550158,3.348385533,2.473385496,2.622633887,33.11702912023,"Columbia County, Florida",49.10535702,10.04078135,5.733808847,2.141719543,3.845141455,3.614340066,1.248223943,24.2706277812027,"De Soto County, Florida",62.80454461,5.663202644,4.813207396,2.36108449,1.380483284,4.12497643,9.985113824,8.86738731812029,"Dixie County, Florida",50.26682307,0,0,0,0,34.96094628,0,14.7722306512031,"Duval County, Florida",31.53648794,20.54236356,5.932533486,1.852999061,2.554620396,1.310508861,15.57442211,20.6960645812033,"Escambia County, Florida",60.47275606,3.570605198,9.740467046,0.882501615,1.560318287,0.945188093,0.997683572,21.8304801312035,"Flagler County, Florida",47.63867509,10.8054476,9.49010719,2.928369899,2.43332783,4.529223314,4.084605847,18.0902432312037,"Franklin County, Florida",56.53533982,11.60050212,11.15817627,1.398162912,0.874055208,1.039911819,11.98813436,5.40571747912039,"Gadsden County, Florida",47.8933903,13.94199197,13.62887568,3.014545831,2.149324594,1.099774493,2.46576351,15.8063336212041,"Gilchrist County, Florida",0,0,0,0,100,0,0,012043,"Glades County, Florida",67.98305436,1.799980156,0,0,0,0,0,30.2169654812045,"Gulf County, Florida",33.10430934,4.556925237,41.48689925,0.914539223,0,5.852561014,5.055502554,9.02926337312047,"Hamilton County, Florida",100,0,0,0,0,0,0,012049,"Hardee County, Florida",82.45695628,4.468822275,0,0,1.359912136,2.33857035,6.209530149,3.16620881312051,"Hendry County, Florida",76.07242068,2.585739019,8.945173181,0,7.113916644,0,0,5.28275047612053,"Hernando County, Florida",48.4961639,16.14881614,13.61434183,5.346837087,0.228796199,6.916801754,0.326106443,8.92213665112055,"Highlands County, Florida",41.75281681,13.89333238,31.67857651,1.388037771,0.23924475,0,0.728322616,10.3196691712057,"Hillsborough County, Florida",53.32571827,14.95647403,10.13233154,2.663213786,1.935814628,2.480262535,3.458362325,11.0478228912059,"Holmes County, Florida",33.33333333,33.33333333,0,0,0,0,0,33.3333333312061,"Indian River County, Florida",54.57182679,5.337451219,12.47109176,1.283111297,0.76433579,0.938173057,0.729936489,23.904073612063,"Jackson County, Florida",36.04147695,56.13682549,1.27694894,2.64922698,1.108831007,0,0.562149118,2.2245415112065,"Jefferson County, Florida",0,0,0,0,37.86078031,0,0,62.1392196912067,"Lafayette County, Florida",100,0,0,0,0,0,0,012069,"Lake County, Florida",73.70803189,6.867074598,4.164488043,0.52821044,1.563134047,2.352573405,2.77508198,8.04140559712071,"Lee County, Florida",55.44624521,8.117510501,11.9610843,2.004975385,0.624414944,4.660402357,7.40156869,9.78379861812073,"Leon County, Florida",36.30606379,15.94182,5.256439857,1.508504551,0.876845344,1.220806949,22.12401265,16.7655068512075,"Levy County, Florida",53.88530858,4.558473368,5.566612189,25.01500823,3.608298353,1.32733629,2.348073124,3.69088986512079,"Madison County, Florida",16.56381949,7.066385362,10.03694299,0,66.33285215,0,0,012081,"Manatee County, Florida",55.85098416,8.781979124,13.16222578,2.686533357,3.51977759,1.806321083,3.641549935,10.5506289712083,"Marion County, Florida",58.52149042,27.46133698,4.164428309,0.942544603,0.695318819,1.069793221,1.501235219,5.64385243112085,"Martin County, Florida",23.11458084,3.292208687,34.29507729,0.687549161,0.948052717,0.258754339,3.583667553,33.8201094112086,"Miami-Dade County, Florida",66.42693557,8.020476164,6.909825112,1.374877053,2.047173689,1.697963912,4.49627813,9.02647037512087,"Monroe County, Florida",43.69564158,9.117085996,7.593445626,2.860111807,0.794033752,1.900381789,14.45222344,19.58707612089,"Nassau County, Florida",48.41703277,13.10172382,15.0582314,1.802084857,0.469584342,0.709237125,5.539194574,14.9029111112091,"Okaloosa County, Florida",54.52568568,7.730212172,6.227574321,4.784553899,2.491099934,5.083425301,3.697706984,15.4597417112093,"Okeechobee County, Florida",79.25646448,2.293601658,8.492871323,3.292292157,0,0,0,6.66477038512095,"Orange County, Florida",54.60192296,11.94710028,8.844191181,2.349030834,2.105589788,3.240127696,3.856474797,13.0555624612097,"Osceola County, Florida",61.87175367,12.8675997,8.319042448,1.764615582,1.171038219,1.610415498,3.674197909,8.72133697912099,"Palm Beach County, Florida",60.49702554,12.65215331,8.718511809,2.719847568,1.158101317,1.266334135,2.701277471,10.2867488612101,"Pasco County, Florida",47.38042246,17.24223928,12.06002226,4.509735499,2.96769482,1.293021413,2.664247637,11.8826166312103,"Pinellas County, Florida",44.71871633,11.59115392,5.394133373,1.277495223,16.45167515,1.483802735,4.618976228,14.4640470412105,"Polk County, Florida",41.81079104,8.384999612,7.861394014,4.929031769,1.244096468,4.087088981,2.580008985,29.1025891312107,"Putnam County, Florida",